
ans =

    0.1049
    0.8951


ans =

         
    0.0862
    0.9138
         

ans =

         
    0.1430
    0.8570
         


ans =

         
    0.7353
    0.2647
         

ans =

         
    0.8629
    0.1371
         

ans =

         
    0.5499
    0.4501
         


ans =

         
    0.5100
    0.4900
         


ans =

         
    0.5598
    0.4402



    0.4440
    0.5560